100 1520
65 67 100
30 24 5
17 81 16
22 46 48
84 35 140
80 94 134
88 28 141
3 15 75
82 7 155
31 58 2
39 17 87
16 71 170
7 57 60
51 49 170
29 64 130
31 90 10
97 79 79
89 35 109
5 38 142
62 35 39
45 83 84
32 7 160
72 5 138
95 51 165
82 100 112
88 59 109
50 95 108
83 87 154
70 41 150
48 69 56
74 14 66
18 49 34
2 45 20
4 29 150
25 49 120
88 51 120
44 68 45
37 34 68
100 97 130
99 5 123
50 99 36
29 26 118
27 31 26
83 10 95
78 43 56
29 42 66
91 70 120
91 77 74
35 7 170
65 39 156
6 67 80
46 24 129
44 8 34
89 56 170
47 77 130
6 47 21
6 89 116
81 26 141
45 5 85
29 54 30
62 27 30
84 55 115
84 66 130
65 2 63
44 77 115
12 92 2
46 6 148
34 23 20
78 62 56
4 93 127
69 64 34
71 70 1
62 21 156
27 94 12
53 88 4
19 17 36
57 96 104
61 39 6
37 84 161
2 33 150
73 21 34
17 85 160
15 86 110
13 55 68
55 3 167
86 75 98
90 92 31
8 20 68
40 80 161
36 35 99
25 76 55
81 11 23
56 74 16
52 7 52
68 60 156
70 9 120
98 18 132
1 37 12
48 63 25
17 47 15
81 71 145
18 35 104
9 87 88
31 5 40
93 43 38
26 90 34
53 49 120
49 20 30
44 13 136
48 63 5
2 91 3
48 4 50
47 83 170
74 6 148
56 67 120
40 75 162
88 66 166
81 47 1
91 31 167
35 94 85
78 55 40
14 64 112
84 33 146
61 66 108
32 14 140
13 39 158
70 17 34
12 81 10
89 5 72
22 25 170
11 4 164
70 94 62
60 63 17
55 67 90
85 30 95
11 80 88
86 33 50
10 32 108
36 100 20
94 19 112
34 83 59
3 13 156
43 54 103
35 28 63
13 67 155
49 88 34
46 45 147
3 52 116
93 97 160
37 95 162
54 2 136
75 71 160
47 84 148
72 62 34
7 12 134
16 28 12
78 48 140
96 89 170
43 100 68
24 1 78
38 89 152
51 65 150
29 67 40
96 72 120
73 29 29
70 35 27
31 12 49
35 27 136
90 5 55
15 53 83
50 91 51
65 36 36
5 56 118
69 34 90
98 54 139
34 67 136
72 66 169
71 46 170
37 94 136
82 18 170
74 7 102
93 34 98
40 14 24
81 19 122
85 6 115
52 76 136
22 14 136
32 9 4
68 65 35
99 55 130
69 28 138
99 69 63
75 6 54
34 81 168
95 70 140
79 13 10
79 46 120
53 66 20
46 89 68
58 39 155
97 81 82
62 90 40
60 57 151
71 32 170
30 5 150
23 3 79
92 89 98
28 54 155
35 7 161
97 50 129
7 52 90
85 44 100
1 13 144
68 10 72
99 65 56
72 5 149
12 66 68
68 72 128
76 72 60
69 91 40
56 32 60
95 93 2
10 54 22
59 35 6
53 3 10
75 57 62
81 12 70
55 46 83
30 16 85
61 27 32
81 98 88
33 96 146
99 1 70
58 14 54
79 94 148
92 63 160
31 89 36
69 20 140
18 70 15
18 11 134
12 2 5
69 72 70
19 57 2
73 84 146
74 83 47
55 13 20
35 40 77
3 23 92
26 17 107
41 6 70
15 29 100
14 58 20
93 46 127
11 80 140
73 56 124
80 21 22
90 87 75
45 100 122
29 16 59
26 50 20
96 18 123
51 96 58
52 4 108
77 49 90
88 47 4
47 95 33
11 100 46
51 8 163
78 30 95
26 60 147
65 62 166
63 6 42
5 13 75
8 32 82
85 6 120
66 22 165
52 42 2
55 36 160
98 25 44
83 28 128
41 50 74
82 28 164
34 85 75
7 43 140
85 80 100
16 52 102
30 79 115
7 92 134
42 100 100
80 75 12
60 3 120
46 22 90
2 21 136
25 41 119
20 17 145
61 31 120
84 31 54
6 79 28
83 3 97
25 67 20
40 94 134
35 40 115
9 2 70
34 63 170
46 61 6
40 18 80
21 11 103
30 74 43
20 34 85
74 70 12
25 97 122
12 36 98
97 67 36
85 88 115
51 74 134
100 41 136
75 1 138
24 91 163
40 96 70
84 41 132
8 28 2
16 87 115
61 15 160
56 9 135
62 63 54
6 22 50
70 47 28
40 12 71
40 61 16
49 52 60
67 28 110
89 63 56
27 42 54
64 25 112
25 82 160
95 83 112
45 13 124
65 23 82
3 37 138
100 17 116
60 34 40
11 97 60
79 59 74
43 20 118
34 62 34
37 94 68
31 99 20
17 29 127
15 28 83
77 72 99
84 73 155
94 1 130
15 1 133
95 71 2
71 31 140
13 26 162
7 78 146
3 79 131
52 29 108
30 33 88
34 62 121
33 97 130
28 71 94
50 65 94
96 33 167
12 87 80
16 4 14
37 94 68
56 47 124
44 65 170
88 42 24
60 92 42
26 41 96
28 45 140
1 71 168
65 43 103
42 65 124
82 64 144
7 34 21
27 57 11
50 34 164
31 99 32
22 72 48
15 83 156
100 78 21
95 13 44
47 15 32
24 100 96
86 23 88
74 82 84
55 71 130
6 99 46
29 81 44
46 47 112
15 3 20
55 100 118
23 22 42
5 59 60
30 32 132
83 19 108
100 40 7
40 71 155
27 13 26
65 16 40
91 82 122
94 86 170
70 46 165
17 12 60
52 15 54
86 62 117
27 98 34
66 72 155
6 27 160
13 69 32
16 42 155
54 15 90
30 24 161
86 50 64
48 82 145
6 96 52
23 82 35
51 94 75
36 70 70
86 12 122
37 100 115
50 24 71
6 52 90
49 94 60
76 95 170
90 38 156
9 60 23
73 70 90
70 5 104
81 31 47
83 93 6
88 34 32
30 22 36
13 52 100
12 71 45
41 88 89
45 37 36
68 59 8
53 22 124
57 97 21
19 58 2
10 13 102
85 79 30
20 59 70
48 26 42
37 62 120
84 12 145
9 45 20
3 43 45
57 23 36
3 51 150
11 10 30
88 36 130
98 4 54
68 4 94
49 9 114
4 26 133
50 60 145
12 80 90
90 72 146
9 18 139
74 25 58
29 71 10
80 85 136
63 7 60
68 9 90
89 50 10
23 45 16
16 20 82
97 86 161
57 64 41
1 96 85
3 27 60
37 1 10
3 14 118
12 21 170
41 54 26
40 63 20
28 79 72
27 63 18
91 77 138
30 14 130
80 13 136
34 26 52
80 99 88
14 89 164
20 59 22
23 22 136
51 89 96
55 100 96
65 83 94
9 57 170
8 51 106
40 36 10
95 45 160
67 43 74
85 82 110
35 71 30
54 13 36
70 36 160
87 72 76
60 25 102
70 52 124
48 15 87
49 61 60
33 6 111
71 93 35
30 13 97
86 79 46
5 93 70
97 33 125
100 74 70
88 8 128
66 75 54
20 68 60
33 5 168
36 73 88
18 24 85
9 86 167
13 95 51
55 49 154
24 38 140
6 92 140
97 23 106
48 81 162
6 48 141
35 46 96
94 88 119
37 27 9
65 33 46
78 8 152
31 27 77
61 93 73
41 31 128
29 63 124
3 29 60
56 48 30
33 67 4
27 14 149
93 4 110
97 88 93
71 12 100
75 48 46
77 1 108
1 81 170
48 10 20
24 41 102
97 29 60
69 97 160
9 57 154
5 68 60
21 43 26
24 85 154
95 11 10
52 38 114
67 60 36
10 34 152
92 21 94
41 76 120
20 61 114
46 50 11
61 73 106
63 1 135
13 63 27
98 100 136
21 51 32
28 80 120
93 19 170
21 69 49
94 46 74
99 15 162
79 12 52
12 79 25
82 14 140
46 81 40
52 11 12
80 65 93
63 9 94
25 78 98
42 63 45
94 56 72
70 44 21
78 1 42
12 45 50
62 69 14
79 61 110
91 67 40
30 93 110
49 33 113
29 92 108
45 5 56
50 2 25
72 79 81
40 31 41
99 67 16
60 9 160
94 63 16
7 25 142
82 77 136
79 69 156
48 37 140
20 13 83
80 92 140
1 15 115
30 38 70
63 5 115
82 8 150
77 28 80
17 72 114
85 94 14
86 66 162
81 64 54
2 56 64
62 46 136
54 45 98
73 76 97
48 80 85
26 42 74
9 62 76
26 89 120
45 58 153
4 11 128
8 14 68
90 3 100
83 10 156
4 79 155
41 80 112
69 14 157
72 48 42
12 34 70
49 29 94
85 83 32
93 10 96
89 7 139
40 71 124
37 6 110
6 59 58
93 78 154
60 97 10
81 20 90
82 47 8
7 92 136
15 13 54
71 89 15
48 6 144
36 91 24
88 26 113
98 11 90
10 76 65
20 14 68
79 77 20
18 56 72
14 79 80
22 99 89
77 44 30
7 84 100
13 63 7
77 8 116
37 62 30
18 89 116
21 36 35
36 86 20
82 91 10
75 48 10
11 99 70
59 47 56
10 6 160
48 76 115
13 100 24
86 71 158
62 7 20
8 70 20
22 56 70
55 8 140
67 81 90
58 63 48
63 100 14
71 90 125
50 32 170
54 57 142
65 89 10
50 40 22
73 36 34
99 20 126
72 30 88
73 88 67
72 56 67
13 62 76
4 69 44
9 89 15
25 59 26
31 73 110
3 57 24
97 81 60
37 84 29
47 8 1
78 84 13
73 32 40
43 41 138
14 68 59
77 81 52
62 97 11
34 50 132
58 36 12
20 41 168
73 2 88
43 75 76
95 75 165
8 77 60
26 53 130
3 76 79
64 77 20
18 30 13
32 79 26
6 57 168
33 68 163
97 35 144
40 38 48
66 30 98
59 10 104
40 51 133
30 85 59
42 90 135
59 26 8
61 89 102
79 21 130
3 4 36
67 96 154
47 66 130
51 33 75
24 66 5
92 98 95
87 28 168
49 54 82
10 92 146
40 11 10
77 69 120
3 93 25
59 50 158
100 9 62
89 66 150
72 21 28
65 13 120
24 49 117
18 19 73
12 6 34
9 70 84
32 34 61
100 58 78
31 58 154
54 47 132
100 42 11
16 35 50
59 1 95
62 27 170
48 72 88
97 5 16
54 94 140
42 3 126
45 34 116
22 16 84
17 29 136
56 38 142
11 21 100
78 92 102
38 47 138
50 8 99
94 3 114
71 95 100
76 16 132
6 18 130
91 61 168
5 97 44
96 51 34
59 55 60
58 7 138
54 23 40
39 93 112
63 54 85
16 97 41
46 35 135
86 98 145
53 43 146
2 77 58
100 63 156
8 52 92
59 9 160
58 55 50
91 70 38
68 49 77
45 82 81
11 79 96
42 46 160
99 97 14
7 100 105
7 85 82
7 78 160
28 7 35
89 82 70
61 80 125
79 19 126
68 31 46
83 25 70
62 19 140
50 69 20
28 46 105
81 79 136
12 32 100
3 59 34
42 61 167
38 48 170
20 61 20
30 20 10
66 7 93
86 48 100
80 96 78
55 14 120
27 11 145
60 47 70
8 40 110
12 2 110
61 79 110
27 24 90
20 43 108
10 56 170
19 9 15
57 73 155
8 78 52
61 80 110
80 67 86
27 40 95
20 87 20
25 3 100
86 69 110
86 70 128
48 39 35
71 95 29
62 21 170
13 63 40
50 49 80
4 48 140
17 12 88
83 12 154
3 53 140
100 98 160
71 15 90
78 22 110
23 59 42
7 16 170
28 14 67
78 79 59
85 44 30
94 38 30
53 36 80
65 3 85
83 94 65
19 70 160
33 98 44
31 69 92
54 22 13
39 87 50
23 44 40
100 8 9
54 3 18
73 59 58
57 10 17
79 71 130
94 62 145
49 57 4
2 55 68
15 25 70
80 29 60
88 74 46
37 59 112
30 19 72
81 47 20
5 96 138
4 66 87
92 54 24
83 89 132
64 98 99
57 56 71
28 24 64
71 30 76
78 94 124
13 52 158
6 47 29
37 15 139
13 82 102
91 75 8
51 30 160
12 72 170
19 91 60
95 31 36
78 22 25
38 56 14
91 26 22
2 40 35
70 33 152
6 32 170
75 1 130
32 98 104
78 10 136
14 19 80
53 27 40
85 2 150
36 46 94
23 72 52
95 98 62
61 54 120
65 72 21
91 64 15
44 51 37
5 43 52
41 44 40
68 23 34
74 82 95
37 78 74
50 18 64
35 52 31
55 94 150
90 58 133
2 10 28
34 96 150
79 21 120
52 75 80
45 3 80
55 43 150
90 75 20
34 27 58
37 59 147
8 46 167
19 31 17
58 77 94
32 78 22
22 99 136
27 23 122
50 55 159
67 13 35
59 50 10
81 21 64
50 32 144
62 83 126
34 70 160
93 44 60
52 28 26
41 49 168
100 8 32
81 88 85
13 35 48
71 41 34
55 49 138
96 72 170
91 54 90
58 84 115
17 26 74
9 54 86
41 25 112
19 64 158
65 9 87
81 21 66
75 76 20
60 8 159
86 60 24
14 42 170
20 27 100
91 8 19
17 76 50
97 14 90
90 86 170
94 38 30
98 56 97
50 47 40
26 92 10
1 82 90
59 49 144
64 97 18
36 92 154
30 89 125
45 44 70
44 66 36
59 31 44
14 71 50
73 8 137
57 19 45
11 52 2
93 43 150
40 21 56
39 4 134
87 3 36
26 97 130
5 64 112
35 84 44
92 34 139
72 23 170
59 32 170
82 54 85
7 51 80
3 51 132
65 41 65
39 68 36
2 97 118
20 48 74
32 3 116
9 79 109
30 5 107
56 65 88
6 8 85
76 61 130
58 33 160
33 98 130
53 68 117
47 43 80
48 91 75
56 44 98
53 78 89
91 89 34
74 73 14
23 46 66
67 3 34
46 75 8
18 12 168
56 83 142
61 100 95
89 55 8
80 90 90
89 46 68
49 75 136
2 19 45
31 99 125
34 36 35
36 40 144
95 59 14
49 14 36
12 65 62
92 17 155
36 8 162
7 63 56
51 3 91
43 41 160
100 60 58
26 51 50
69 87 76
56 65 152
74 76 33
92 17 5
73 16 140
57 51 150
64 28 140
32 4 153
43 85 164
50 75 158
3 6 60
76 85 151
1 74 10
77 28 66
9 36 142
41 17 114
2 12 14
39 79 103
86 91 96
28 29 97
55 32 5
13 64 152
100 14 141
31 65 80
77 66 70
97 71 100
14 2 58
32 12 117
97 14 10
30 55 92
69 3 14
68 10 40
28 80 36
3 78 121
33 63 127
27 34 74
1 33 106
88 70 124
73 95 134
39 34 15
12 41 100
10 69 36
86 16 102
92 9 113
41 67 109
77 75 162
68 12 72
98 38 70
31 5 57
74 76 170
44 24 134
85 86 122
5 21 152
96 44 168
56 78 168
16 97 156
2 56 62
84 56 70
32 50 64
96 94 166
28 57 92
25 87 45
46 53 98
1 4 50
32 6 80
86 83 29
1 15 45
61 56 70
65 15 30
54 37 40
91 50 10
55 37 122
44 88 110
71 43 136
10 84 152
92 62 38
77 14 166
4 100 40
50 3 127
40 29 24
19 41 126
17 22 165
46 37 80
47 34 3
70 31 6
78 1 109
11 1 20
90 67 161
60 41 72
63 14 102
4 79 2
65 53 140
36 5 114
6 2 95
56 37 146
57 10 9
51 76 25
43 69 59
100 55 160
9 56 55
61 94 128
97 99 137
89 22 124
33 58 148
34 11 147
32 36 72
92 82 17
38 50 70
97 14 94
14 12 55
34 50 149
8 16 44
79 11 82
48 4 84
87 97 55
99 95 34
10 52 102
16 41 50
91 84 42
52 30 92
93 22 25
26 95 85
44 82 55
30 24 78
76 86 40
80 3 162
39 16 85
98 73 56
95 71 111
18 23 98
57 34 89
58 53 34
40 51 66
54 24 145
41 22 105
95 60 20
83 73 98
96 59 105
93 25 9
78 24 130
28 19 14
43 90 108
64 65 66
77 63 24
36 74 56
33 82 76
7 35 7
11 22 52
41 2 140
92 54 167
19 1 104
17 75 125
50 76 130
58 32 58
19 95 68
18 14 84
17 48 34
54 70 4
23 39 130
67 31 94
7 88 58
20 18 114
66 40 130
55 99 154
99 44 9
66 4 102
95 100 60
83 76 30
64 88 34
58 45 124
85 4 74
56 60 90
56 2 62
58 39 139
39 93 116
21 51 68
91 75 86
20 4 44
9 91 10
3 71 118
73 33 93
73 96 144
42 4 57
8 55 17
31 78 69
83 84 32
75 16 150
87 33 168
19 74 56
70 79 162
36 99 12
55 33 30
11 1 74
85 55 36
23 99 170
85 83 68
57 17 102
48 56 86
56 24 90
57 76 38
77 42 70
49 53 122
5 68 40
51 56 100
25 42 76
50 35 100
59 91 58
19 22 86
17 4 64
57 40 156
8 73 54
82 50 127
92 62 65
98 96 101
39 75 70
49 15 58
71 72 20
64 24 50
49 51 43
2 6 6
68 24 106
72 95 136
22 54 133
69 31 130
55 27 108
51 67 62
19 26 116
84 27 151
3 61 56
56 47 150
1 9 76
92 95 122
22 87 5
54 11 90
37 66 82
93 66 76
27 98 20
46 64 105
25 70 104
66 36 170
75 85 20
55 85 158
59 7 42
55 99 44
34 35 8
34 25 16
94 39 160
80 20 86
2 93 160
78 8 138
15 88 22
87 13 138
48 6 138
83 49 78
89 88 90
9 39 17
32 65 110
73 41 130
14 16 44
41 43 33
78 63 159
41 8 70
81 71 70
34 6 160
20 90 13
82 83 54
51 48 147
43 49 126
12 81 45
41 5 30
76 14 68
72 91 68
33 28 155
11 23 4
24 81 85
82 70 36
51 88 153
45 43 65
57 42 125
33 62 132
90 95 114
19 98 109
32 71 110
41 3 154
43 64 126
8 5 21
47 49 32
63 77 3
72 86 114
84 69 16
40 49 89
4 44 154
60 67 70
24 2 60
3 41 66
18 7 158
45 25 170
46 72 122
21 81 42
77 2 58
70 14 142
16 48 132
89 26 103
85 56 122
33 88 160
12 11 136
93 91 84
46 38 40
4 71 82
19 32 102
58 30 78
38 74 90
14 88 76
51 23 168
66 77 168
15 79 90
50 95 34
27 37 144
19 55 134
82 9 108
49 37 170
60 92 13
69 68 18
47 76 20
71 52 30
89 7 144
62 22 38
83 51 40
89 24 135
17 34 136
2 76 145
4 35 137
87 23 103
30 66 145
40 7 164
59 38 10
63 93 50
27 34 68
62 45 54
80 34 20
10 74 58
92 38 81
98 31 23
69 65 76
11 62 50
96 87 50
32 55 20
41 25 155
52 86 154
76 33 28
64 86 48
4 92 170
55 39 95
26 77 40
84 46 60
24 12 156
50 77 114
11 2 147
88 37 90
81 88 132
27 65 80
94 10 5
8 43 96
7 90 146
20 85 145
87 38 160
75 28 124
16 31 5
48 89 70
51 67 108
62 35 40
25 61 16
46 65 130
55 91 52
19 36 140
20 37 42
79 34 86
53 37 64
24 43 90
4 18 148
35 80 160
71 51 76
40 65 110
55 15 58
1 92 52
81 15 162
10 12 12
30 7 10
87 55 50
58 81 102
99 85 92
100 39 62
83 12 158
27 82 138
95 82 115
42 71 73
26 51 114
84 48 15
34 46 56
85 81 10
94 96 68
78 11 129
45 66 139
38 94 86
45 65 37
13 41 65
87 54 156
36 22 128
70 32 60
95 18 124
37 77 50
71 1 134
18 49 24
90 62 167
69 65 95
39 97 153
29 94 30
13 36 170
13 98 108
52 72 34
21 1 4
16 86 120
3 41 116
90 81 138
75 14 160
2 67 90
65 71 119
44 55 134
9 98 115
36 21 64
63 56 75
37 91 18
6 26 136
93 99 136
71 27 44
35 76 166
75 65 143
87 83 90
91 42 146
34 37 10
63 1 80
1 28 20
8 52 79
29 79 4
45 60 146
95 27 146
69 45 158
34 10 160
64 48 85
76 79 156
83 36 148
15 70 60
30 40 90
19 34 74
32 29 22
92 87 126
35 75 82
6 66 50
2 32 88
2 75 170
67 26 52
61 26 40
7 18 51
58 28 165
55 32 168
50 62 108
94 58 136
85 4 136
82 96 110
74 17 170
35 52 85
32 44 51
29 100 27
62 57 122
