1000 4523
335 983 1342
980 135 214
498 772 1792
625 636 4929
741 768 3945
303 994 2856
808 433 2903
66 172 343
155 208 2065
695 74 98
846 645 2871
633 362 560
482 511 5005
858 401 2576
187 873 4685
45 656 3056
864 94 4920
520 385 4326
382 907 3443
621 454 1904
317 803 4671
557 569 672
442 811 2883
468 59 276
505 430 4692
816 54 1098
313 285 1380
739 660 3216
815 280 2336
201 778 3920
941 817 1835
229 579 4436
361 42 816
96 855 1160
140 646 3760
306 438 4760
718 224 2528
2 314 3036
132 103 3129
34 151 1892
193 559 794
415 5 4217
651 451 215
890 779 1008
3 981 3952
295 500 244
956 709 440
860 940 3628
499 664 3296
669 155 862
959 313 4166
444 469 2327
450 746 136
598 160 2530
870 18 2218
958 987 1944
651 888 2044
44 602 2046
267 32 2884
854 717 336
815 18 4636
178 280 2976
650 921 1488
909 619 5144
860 197 1656
799 283 2790
668 167 2618
884 639 3832
9 933 2488
565 842 3964
116 719 135
339 1000 2855
198 579 1939
214 418 736
585 897 3828
889 287 714
572 43 134
238 675 208
746 935 1695
935 76 1164
655 443 2146
861 955 2752
204 861 748
500 493 576
889 134 759
161 321 340
608 620 2639
696 982 2456
777 568 1122
875 678 4747
539 409 131
903 573 4464
707 80 507
753 808 1113
428 122 4932
456 638 4344
558 402 3409
81 718 480
128 741 1556
314 883 3826
964 150 7
958 372 4006
846 688 4882
678 395 292
149 170 1030
888 885 4464
627 623 4459
506 926 4370
428 558 4744
282 971 3772
11 691 3448
86 25 2343
195 298 1246
183 725 3112
348 203 4256
482 771 2166
682 569 1100
892 125 2283
816 229 3984
606 221 5082
871 660 502
737 41 4509
244 25 90
148 320 4430
889 638 1351
763 944 4176
526 980 1448
553 380 4048
392 875 2655
268 752 3360
129 210 523
530 932 3952
570 311 1421
255 238 909
218 508 2024
888 904 4508
779 731 3486
483 681 4116
891 206 4570
138 406 4852
717 395 3704
985 715 2054
223 724 1720
628 228 3239
959 859 3266
540 773 1465
332 1 1030
759 398 4196
145 981 1650
696 611 864
335 717 3480
297 833 4858
692 584 348
709 811 5064
165 573 896
324 99 4005
432 906 4032
517 694 3872
763 840 4563
25 593 4596
177 722 714
533 23 1760
597 496 951
947 728 4242
634 750 805
796 964 1456
156 874 3854
467 643 2192
717 907 1940
930 514 1755
10 276 3032
4 599 2240
701 900 1778
216 848 4984
722 383 3034
26 806 3663
713 771 2164
638 998 1432
626 28 596
979 998 3776
898 465 2868
313 940 3397
323 393 456
552 465 2836
589 142 1223
492 489 1157
869 537 3072
536 778 1920
243 411 1897
703 740 1648
485 873 888
338 877 769
371 268 1582
109 86 4700
975 140 326
918 411 394
174 903 5022
995 15 832
888 689 1820
566 525 1610
145 716 1120
154 839 2298
979 116 2809
879 643 2306
546 833 4714
848 891 848
580 244 2916
121 876 606
593 939 99
130 163 1897
279 223 4356
218 121 2543
954 549 4244
792 736 4536
980 908 4814
137 361 3808
653 649 5035
812 763 1511
986 603 2924
724 220 2870
770 36 3584
772 426 5079
687 213 2208
575 982 2824
632 439 1036
202 256 3808
860 193 4232
414 122 4176
158 503 4646
282 89 1876
303 946 14
929 755 802
546 469 4569
726 597 4954
143 90 314
565 545 1863
401 543 3418
633 746 2656
45 853 484
960 624 4606
93 948 1173
898 249 4469
691 688 2384
585 395 2808
290 42 3359
141 81 4102
934 81 2928
705 751 5087
51 360 4354
961 136 550
176 644 1261
391 297 3864
692 177 1397
259 225 3267
306 883 2368
986 545 655
905 189 2105
325 33 1504
30 485 83
783 419 2245
948 117 372
694 31 3096
266 897 3344
442 879 1883
421 332 3004
718 790 256
276 919 4051
338 329 2916
798 250 40
281 303 956
552 209 294
440 144 4945
477 612 1696
402 912 4282
831 816 881
497 679 2193
929 357 910
12 984 3772
193 964 758
461 956 3542
920 807 4458
71 132 4174
948 146 322
826 934 4455
644 937 1408
921 483 1058
800 835 1671
143 298 1817
457 36 2432
168 795 248
941 205 5150
492 64 192
1 249 320
84 717 1680
905 191 3000
842 48 1256
436 554 3920
349 610 3906
168 395 4168
811 341 144
942 292 3596
362 530 4805
722 760 748
161 131 779
685 395 3492
358 331 558
78 439 4852
132 686 2156
978 845 4368
375 67 4823
180 627 889
758 581 1352
328 844 3492
527 507 1768
298 102 880
788 606 5008
803 309 4025
376 771 3632
750 698 3452
631 540 3488
384 487 1568
346 210 814
313 774 847
380 636 2496
945 384 3899
507 47 2510
97 831 5040
371 126 1792
613 686 3660
248 298 252
72 88 12
724 939 2380
675 55 5124
455 276 4192
460 613 4927
739 25 4104
63 15 4785
313 676 2601
116 592 1472
883 530 3083
938 907 805
536 589 2484
202 634 2663
659 471 2698
486 716 2400
392 611 2556
555 431 3944
314 913 4380
173 795 185
384 998 1610
985 588 1828
411 932 350
648 457 3714
68 291 1667
75 954 1529
219 763 2240
558 342 294
340 566 1640
507 519 1708
451 393 4320
850 274 5096
918 98 2989
404 658 2970
421 375 5080
717 229 1233
148 561 4169
80 761 2351
154 798 4692
72 531 2492
981 223 223
233 717 2767
92 137 2898
718 316 582
229 658 630
771 151 1845
949 584 757
468 963 3924
186 995 2009
713 604 1610
741 117 4525
785 242 164
252 551 756
702 278 1508
862 285 4578
248 37 1464
384 671 45
275 336 1664
805 278 994
520 209 4592
113 337 4061
615 799 2735
84 196 384
233 292 1030
315 27 1722
363 26 2592
656 489 192
699 67 3440
756 151 1849
950 150 3376
346 712 42
356 540 2155
567 320 583
698 923 4990
413 562 3696
629 886 3372
37 607 4172
758 12 4992
725 147 2964
687 289 3382
961 70 483
994 989 3515
551 247 2668
133 499 4554
106 377 1784
389 290 4002
437 413 4784
702 709 4062
131 268 1218
257 391 2720
990 459 1788
958 609 2933
338 210 2103
500 306 1106
719 502 1561
563 495 3800
763 166 2832
557 408 3860
220 872 2652
833 371 3529
933 229 2043
887 853 3166
355 839 1880
335 873 1128
39 136 219
897 3 560
228 871 1435
594 243 1176
824 892 4871
97 740 2184
579 755 4724
980 686 4799
175 188 1312
543 169 4927
392 540 98
135 474 3206
718 180 1945
272 397 553
152 341 5064
27 835 368
375 176 4028
345 871 2538
412 931 4116
757 294 2681
826 586 2372
983 261 1088
602 420 76
607 476 528
653 866 552
738 998 3680
401 686 4200
513 693 2346
143 534 4176
22 18 3970
352 176 64
510 476 2966
826 844 122
346 43 3928
81 57 3768
750 615 3174
501 167 1041
537 908 805
85 692 3931
520 236 3082
80 176 2583
571 860 1988
917 295 2901
262 702 1160
221 955 3492
864 212 3344
256 481 296
717 311 1192
487 145 3458
5 512 2684
159 14 2742
716 206 3241
513 880 1255
444 399 3592
477 950 4838
452 429 3679
839 808 2841
83 109 4016
883 335 136
976 448 4480
177 448 4912
501 360 2022
311 781 524
562 87 4833
895 798 1388
907 626 2938
313 289 4566
89 919 2942
720 145 335
506 666 4623
799 187 2668
274 485 1780
636 824 2940
802 855 2184
497 305 364
576 776 696
921 32 1983
50 773 1932
312 233 4070
70 380 1426
205 961 2422
169 344 110
649 585 2164
713 162 2422
194 743 118
868 715 5030
948 713 3360
93 581 3058
894 383 950
727 837 3624
423 38 4848
552 827 1430
923 890 2761
605 494 2204
207 796 44
729 704 3344
87 313 4258
150 121 4430
511 848 690
675 889 2422
131 857 304
703 418 3062
215 621 3808
325 217 432
882 960 1203
433 826 4480
674 76 4899
966 872 4260
81 746 560
164 531 1130
504 609 1384
178 948 2807
446 693 1120
989 378 1732
432 151 3804
600 358 3276
143 346 1470
430 526 3148
356 681 3610
742 667 1000
712 886 192
617 833 1698
336 679 2733
38 667 4991
365 449 1718
328 577 3156
258 364 3008
383 522 4924
408 540 3613
374 552 988
231 911 3123
930 779 4608
795 908 1814
945 416 1433
159 660 2709
200 393 2158
297 723 3584
987 340 1950
119 8 3708
237 713 3744
466 905 5021
542 931 3087
943 678 1400
423 622 928
697 763 2892
104 807 3894
923 53 3616
800 402 3340
337 684 92
89 543 1546
39 874 1468
947 86 1820
770 33 3932
608 874 4688
279 236 3296
991 557 1216
593 347 4095
97 281 1932
95 77 1280
681 694 5100
771 17 2801
901 598 3423
579 130 1612
830 432 3496
336 657 4228
495 801 2576
177 225 3698
318 236 3063
659 209 3837
230 970 2665
452 948 3980
732 245 4220
902 709 4307
510 79 2424
656 282 1734
963 882 3939
201 724 3378
237 677 3869
312 203 2923
272 423 1200
821 590 4942
629 894 4154
573 846 2576
728 680 759
756 16 1107
46 274 198
478 790 2062
565 809 4402
399 499 2400
745 703 4092
549 172 2131
204 350 560
719 714 2210
988 575 3630
717 204 4912
365 533 468
384 101 912
156 778 1296
950 711 4909
62 598 807
898 652 3836
471 769 3679
404 646 4805
410 365 3644
847 386 2848
444 986 4516
493 477 2402
610 98 2120
750 843 3213
669 368 1808
497 626 2593
532 215 3920
567 614 4322
98 752 2192
65 70 1840
931 733 708
658 663 2041
329 233 3178
665 814 1192
735 479 2610
461 900 4682
784 812 1368
20 275 1148
495 510 644
190 822 4714
568 73 1792
415 773 4578
46 394 1316
513 346 3629
579 855 2943
993 438 1661
665 705 224
595 877 100
267 701 4703
418 388 5062
595 893 1431
579 112 4768
673 926 1316
49 46 2898
479 955 1960
832 808 68
509 318 39
706 535 2804
780 395 2553
507 694 920
973 228 288
626 725 2416
33 876 4715
684 230 133
548 406 4384
293 101 3032
496 891 4316
585 337 646
566 489 1512
567 837 5152
714 885 2382
468 135 3584
893 120 453
74 767 4968
678 6 2724
902 19 704
619 218 3150
969 610 2460
330 817 4129
4 311 4380
381 778 2984
546 160 848
518 870 924
242 43 361
262 171 3046
781 222 728
40 937 2836
248 69 3806
674 820 4793
592 319 5096
792 831 4761
53 301 3385
239 862 4798
283 560 3679
998 905 516
120 837 2304
686 688 4634
519 105 276
370 349 3468
189 642 3640
667 246 3640
61 624 3404
729 583 231
144 378 4906
388 912 625
182 483 1424
184 277 3128
299 419 1428
351 240 885
618 901 360
165 212 1909
434 640 178
836 365 760
990 242 3644
13 561 2376
447 328 2404
101 326 3955
23 170 2504
821 696 1622
596 712 1580
905 240 4704
317 461 590
703 425 3082
152 272 3964
955 23 777
264 653 981
6 234 4
653 490 5040
915 382 4074
654 291 3843
314 777 1514
485 899 1032
401 695 2502
13 922 3346
283 491 672
520 916 2033
865 576 3162
186 580 1933
107 381 1512
655 401 56
907 532 5042
542 877 1535
491 793 952
658 118 1733
851 156 3436
770 464 2585
803 472 4002
728 501 3037
982 139 895
905 845 1764
703 265 848
82 677 2576
314 333 238
180 884 3968
710 74 2142
514 290 2184
284 585 3964
237 260 2828
23 804 4060
346 44 616
999 494 3844
106 722 3744
878 732 1048
829 179 1338
883 88 4435
492 153 539
865 490 616
954 176 2107
306 591 4235
552 539 4818
616 801 1813
643 734 1680
957 267 1336
258 331 2476
806 862 3114
754 995 1766
408 737 4403
541 273 4596
652 368 1352
339 55 2558
772 57 1449
52 55 1778
828 659 320
396 616 2142
758 271 826
639 911 3062
318 690 1344
747 711 3648
535 267 2587
8 10 2064
318 925 438
251 716 3276
720 797 522
159 358 553
118 108 2492
588 325 1824
417 74 248
304 957 4832
641 248 3262
291 257 4501
697 899 4176
226 215 2784
673 186 2376
390 873 176
124 545 3952
104 422 4900
110 847 4872
160 138 326
324 883 4273
16 813 4544
686 841 3334
748 117 378
291 564 1010
185 908 2691
751 808 2982
909 554 3404
269 51 3286
993 463 4409
637 694 3875
783 694 448
110 561 2983
367 197 1834
236 115 2898
977 568 2868
300 530 3522
757 42 4995
327 929 3196
807 588 4052
619 100 400
452 867 1531
480 274 4640
213 494 2606
838 859 2862
353 380 1550
77 233 1212
101 247 2633
582 946 2272
507 856 4837
305 175 1984
766 837 513
139 951 544
160 462 128
276 484 1328
199 245 976
310 940 2272
258 672 2031
834 129 1540
218 111 2852
215 928 1456
387 500 4307
772 640 3264
794 365 1328
447 334 4320
550 459 4056
940 288 736
453 127 3041
21 229 747
460 852 1743
661 410 3609
583 241 912
587 6 2162
967 44 686
939 924 3562
528 449 1288
932 441 5056
634 759 1973
321 235 238
373 205 556
355 630 896
310 744 1932
863 811 5090
194 945 2800
743 997 1440
515 313 724
823 697 4743
325 574 300
7 958 1536
849 977 4462
394 277 428
927 422 95
464 516 4776
504 179 4370
199 842 1792
445 407 4928
996 139 1736
917 407 2269
607 475 4481
782 435 4586
192 117 1171
936 715 5152
529 388 80
453 550 1750
405 802 1974
811 296 2418
753 647 3904
881 445 4416
24 750 1514
29 279 1462
601 43 2856
319 538 3073
730 157 3136
63 775 4474
670 3 284
306 307 3885
782 939 3167
458 208 3452
729 916 4416
611 556 4308
400 907 1248
267 232 4835
369 437 1169
965 280 3420
662 456 1916
764 702 2622
700 189 2114
334 578 4920
270 955 2128
710 403 356
379 383 2216
632 984 1835
541 372 824
249 683 3153
131 818 3296
431 134 3584
15 524 3987
302 294 1572
56 378 1351
254 274 3934
896 25 4536
814 343 4288
692 791 4424
816 58 5060
308 420 912
298 825 196
436 952 1984
555 789 3200
579 708 3561
503 754 3504
523 816 1841
762 990 2276
336 992 86
35 1000 3152
123 660 2968
366 299 1152
790 263 3927
968 304 840
354 503 3472
946 91 854
359 178 2528
974 475 4786
519 488 4165
181 45 2866
765 430 2584
114 676 3795
763 157 3712
810 374 1749
521 696 3631
517 211 4623
803 544 1880
786 928 1572
190 35 4316
749 376 1063
787 244 96
373 962 4089
610 972 1666
837 953 3174
547 630 4153
16 473 1400
400 424 672
322 771 1472
215 227 3798
910 204 4600
635 961 119
286 449 2311
819 336 2624
833 253 4102
666 914 1514
427 751 4368
26 721 3998
664 60 1044
653 470 4120
214 749 3440
494 460 764
512 695 4636
95 663 98
171 917 3720
476 782 2097
431 788 2144
610 927 4373
676 717 1053
178 811 2884
858 935 283
950 251 2711
168 412 168
194 871 2114
11 26 2450
305 276 4530
994 590 1436
401 851 2104
138 370 365
621 421 4586
833 948 3516
172 570 1106
948 477 3926
753 660 244
250 93 4804
296 894 4032
264 181 796
954 790 3864
739 515 3656
437 230 28
707 660 3936
672 284 1288
729 887 2527
781 247 908
428 40 598
831 660 3910
527 747 2037
977 687 4716
699 751 736
35 760 3260
648 278 361
877 306 2571
346 109 2744
122 267 1779
14 340 3010
28 373 749
124 580 4845
692 98 3532
728 417 5138
723 301 3875
410 7 2996
275 754 1518
95 852 851
226 716 588
648 654 390
104 137 3937
554 507 46
808 405 4113
413 354 1112
460 341 4195
194 18 4312
87 937 982
943 632 3764
770 462 3712
969 375 4148
132 61 4597
767 508 4403
850 619 1300
989 221 3680
158 586 3500
571 240 2129
54 85 1840
460 379 2834
792 207 1734
715 780 3967
399 626 1108
847 777 1646
364 981 1701
573 312 1840
398 53 2392
433 510 4763
69 646 3296
778 276 238
902 663 1993
441 438 1463
419 271 4492
583 776 2465
829 977 4640
839 699 3008
697 977 1684
605 98 1252
762 274 920
712 772 864
43 860 4970
988 802 4360
131 856 1696
907 976 4662
305 274 3968
373 85 4399
711 81 3574
853 458 88
670 88 3814
890 891 4223
99 963 3338
291 925 4252
200 44 3450
481 979 2208
61 806 126
616 227 4474
315 446 4416
689 475 2940
439 627 2388
904 462 1456
858 889 4751
869 793 4118
951 850 1836
77 767 125
565 501 434
977 586 1072
213 245 1260
59 529 118
419 956 3360
101 139 1978
341 822 1636
590 178 1524
679 819 1712
405 508 1888
105 979 2452
860 367 4791
323 689 3719
180 193 748
368 802 4846
980 161 2540
332 931 2660
792 149 3892
128 853 4712
221 495 1920
537 891 2597
437 855 3195
658 236 2458
749 284 858
216 23 1760
172 583 5076
789 671 3296
519 964 2000
208 284 3137
139 69 1570
657 269 1988
553 790 1288
813 363 3297
947 35 2912
706 334 3810
298 60 3010
696 111 244
180 305 1517
574 125 4704
268 437 2529
800 379 3449
766 464 2504
150 989 2810
50 387 3902
498 163 4500
820 272 620
749 168 1395
957 476 874
207 926 4653
390 749 2214
90 552 3320
291 1 1226
516 525 1860
149 392 2956
561 311 2056
139 423 2852
349 542 2208
643 174 3197
726 327 3940
328 817 1736
694 332 1192
77 618 2786
929 67 3344
491 841 896
735 144 2312
318 269 2107
596 689 395
858 927 3794
611 656 1736
274 196 2786
263 891 1334
84 447 601
591 935 489
205 660 434
350 73 5056
1000 552 3308
208 862 2248
58 683 3282
574 717 1512
164 431 4487
719 674 3168
686 675 428
100 860 2569
412 62 205
277 69 1641
752 549 1302
618 494 3584
925 813 1276
839 609 4608
636 350 4914
210 863 2548
926 959 2905
28 107 2802
656 604 2886
98 500 1104
665 1 2460
610 292 1777
994 649 3968
513 878 2853
837 830 1370
937 588 3750
544 866 2894
366 979 3174
980 742 5072
386 271 3502
273 878 786
756 172 1545
3 627 5064
567 217 3824
83 809 2194
789 476 1288
218 721 1248
344 958 1354
836 979 2896
504 684 267
663 756 529
973 37 1912
199 449 1172
278 41 5056
762 878 815
836 495 3148
827 832 1403
868 211 712
967 989 1156
379 810 4072
611 909 3150
950 731 3458
609 543 3784
391 952 2614
784 792 201
355 91 4882
80 356 3866
166 18 4581
927 11 506
743 109 1984
4 171 4586
475 973 476
118 514 105
957 858 3080
214 466 108
837 943 4524
306 232 1274
693 993 5108
516 904 2000
230 59 4944
925 221 3983
431 673 3045
492 826 3281
121 590 628
175 792 3956
785 231 1428
136 12 2196
423 250 4008
823 239 1018
265 856 3687
683 980 3496
922 883 3840
675 710 2294
293 236 4047
248 465 837
67 565 2344
157 955 3600
164 99 3757
431 969 619
204 236 5080
298 473 3219
709 864 1310
329 872 4940
790 705 2682
661 838 289
289 604 224
925 379 3649
967 580 2401
53 758 1995
622 934 2463
158 406 132
464 689 1299
527 672 1616
628 678 4160
409 314 3323
246 100 2520
859 555 5103
841 488 1920
246 836 3304
526 252 1631
276 841 2806
871 110 2706
424 549 3598
650 4 1079
560 738 1694
226 479 3048
668 406 4134
10 74 3178
916 821 453
932 58 2576
959 782 4627
787 54 1986
792 517 3560
996 206 2040
612 82 3356
156 810 960
631 156 2356
566 688 400
823 355 2254
410 309 2010
826 761 2491
967 120 2013
202 402 86
564 518 1453
26 51 1848
739 439 2138
794 956 4624
618 185 4828
299 684 1830
804 163 4756
565 807 4420
677 203 4340
254 491 2870
930 469 1340
777 785 3307
322 392 288
428 811 2112
974 494 4778
301 11 980
214 49 4690
540 34 1057
855 75 3872
860 181 228
926 220 552
31 748 3402
242 585 984
948 622 801
671 613 112
999 503 1228
578 934 361
116 867 492
439 482 5064
583 743 5084
681 430 5021
52 4 3952
618 832 2414
687 673 5104
607 367 467
586 87 2645
921 922 184
17 380 1412
810 459 5056
464 176 5114
361 279 5152
952 283 144
650 427 3036
514 161 1020
435 165 720
545 326 525
786 183 34
711 562 3008
841 439 3906
723 491 4450
271 749 4466
910 631 405
796 218 3750
544 5 1520
188 673 2116
235 616 2556
408 501 4581
344 337 5152
86 874 4021
858 30 3012
248 900 724
905 100 2415
774 112 1361
80 725 2112
226 69 582
406 180 4290
406 643 1008
673 944 462
197 971 1298
71 598 684
710 597 2561
322 349 3836
419 603 2886
135 360 406
3 920 3414
217 781 2890
752 722 148
320 416 2171
365 580 2898
929 805 60
408 762 4186
122 252 1510
525 947 1114
728 810 3072
884 24 3220
793 28 3010
608 113 3724
919 137 1042
251 820 1106
73 364 4424
663 711 164
521 200 235
576 582 1737
963 253 3168
366 78 1361
567 756 2783
576 596 833
960 749 3577
812 995 238
195 293 184
875 755 2966
8 373 262
803 927 1212
35 385 4328
981 439 1689
540 269 1312
616 986 2852
279 831 2736
586 781 2091
507 459 1628
739 38 2526
424 279 1634
70 56 1430
677 967 4858
954 55 3361
886 393 2452
175 438 4344
249 94 992
484 730 396
9 853 2832
261 717 5140
684 709 2592
764 689 1752
83 20 856
458 248 944
694 988 5120
70 515 632
721 105 2112
822 554 1770
615 505 1292
194 777 3939
797 563 1960
163 235 5084
576 420 4234
288 474 3350
579 590 4239
145 616 4000
121 813 1904
942 579 2563
142 537 3059
124 423 2184
844 550 996
376 425 1188
368 188 3693
805 25 3790
190 822 1800
401 244 2080
133 979 2569
403 68 1170
970 657 1894
434 280 2268
820 68 203
93 645 2336
819 202 736
446 344 3628
676 22 4699
442 147 3864
156 465 4516
745 765 45
833 764 1274
409 151 3496
705 331 1456
27 621 2197
995 272 1942
771 516 4055
333 312 3220
429 319 4312
83 243 1964
746 807 1771
490 578 1055
200 391 2271
15 411 683
280 890 970
554 992 1948
311 744 3447
339 194 2776
1 665 1928
244 492 2464
235 989 4766
753 32 5037
923 160 2326
152 746 656
842 114 3255
308 803 3306
468 155 2400
999 569 3128
910 556 124
588 874 1904
386 751 4026
849 858 1848
972 565 2665
368 492 2174
647 503 3814
72 114 4928
670 716 4188
942 102 2768
205 167 4661
25 573 823
139 324 2570
168 629 3080
132 302 1284
768 397 3500
466 944 2208
47 226 28
393 308 966
881 758 4480
435 454 704
435 632 309
286 288 1218
38 70 224
14 949 3240
175 353 1114
661 325 2093
436 515 1053
970 499 442
132 301 4202
942 504 4292
574 21 1460
322 748 4788
102 668 1697
346 462 2460
978 574 4388
73 831 285
485 86 4352
943 153 515
526 891 2578
991 165 527
833 118 387
932 515 2518
441 318 414
502 620 3840
58 104 3534
609 173 4840
416 681 3815
846 36 3200
506 710 1610
577 877 4607
195 911 4774
883 366 1448
471 450 1232
975 814 2424
848 905 1386
293 4 922
714 994 330
223 939 2844
202 604 3896
971 856 1752
307 323 4724
490 443 1364
700 529 1520
533 167 4543
513 735 3712
26 609 1210
565 326 4208
183 47 2116
370 557 400
352 854 3992
383 287 2968
454 248 2453
335 110 262
71 561 2540
240 962 4075
9 207 2339
764 93 4032
300 790 2843
77 975 4384
223 171 5142
633 257 488
819 568 5047
530 218 2390
425 451 2052
896 862 360
653 235 4416
211 240 28
763 816 2133
74 970 433
538 146 3072
364 842 4378
645 934 700
796 46 4706
634 378 276
970 498 3395
666 681 4232
651 936 46
434 697 4158
539 626 1304
560 977 2552
375 576 5006
306 42 808
892 190 3158
871 492 3798
780 44 2912
742 731 1405
357 10 3474
339 304 707
880 135 3976
177 931 2022
473 823 4000
667 335 2958
379 987 1462
718 435 4985
446 629 4712
285 321 4588
457 577 2878
508 517 3656
692 388 896
75 247 2794
234 229 3712
665 739 3621
720 75 2392
749 101 1276
678 577 4624
94 600 4894
340 548 4126
795 714 4196
295 206 448
297 418 4615
845 376 3884
829 896 4904
473 697 1091
297 916 966
816 260 3583
326 683 3869
241 32 1260
802 413 4221
789 281 4324
529 98 2002
795 874 2861
142 35 490
647 544 2346
228 267 994
651 584 1488
350 267 4375
901 399 724
849 587 3853
814 762 4648
149 877 2140
421 189 2769
456 772 4564
708 831 4706
450 366 4194
117 660 4578
599 271 3100
33 406 4374
283 989 584
178 157 3748
929 529 2230
712 8 1648
726 950 4616
962 648 155
919 775 5088
533 401 952
390 523 2048
680 282 2874
163 1 4834
361 350 138
652 256 4482
256 94 1472
221 855 4598
608 23 4220
546 499 2460
781 176 427
529 489 3128
840 618 2568
226 613 742
708 987 5049
842 545 4824
568 310 2752
809 422 1540
950 231 1248
720 468 2960
87 404 717
18 216 4888
203 509 1675
406 395 3578
706 351 1848
773 188 3710
771 402 4924
871 630 2856
34 865 2948
81 771 1928
633 842 1519
589 880 714
231 862 4892
51 677 2464
80 987 3102
617 127 1772
992 236 80
360 243 3438
437 392 2352
272 102 3552
317 893 5024
570 644 1404
632 913 625
392 270 3176
507 718 3494
313 169 1144
561 948 1888
403 858 2456
751 254 1008
250 686 4088
951 686 300
308 793 3376
511 186 2528
707 950 536
899 759 2484
617 495 1222
101 814 712
500 775 3128
813 422 3038
568 875 1383
414 28 1624
978 534 4454
293 844 2093
691 553 784
719 731 4932
506 83 768
858 171 4564
399 435 2013
815 113 2796
1000 324 1115
520 907 1264
460 244 2764
975 502 3104
937 128 4382
651 300 4770
87 431 4577
544 150 2704
826 776 4770
683 802 288
47 268 1544
122 132 3920
612 714 5001
366 780 5116
211 881 2420
383 462 168
590 898 5146
53 820 1208
440 798 1140
282 387 2926
453 532 3868
313 527 1288
761 39 2112
501 341 3510
591 967 1620
139 839 4992
989 627 3771
366 467 4775
999 27 264
906 617 3471
656 877 2364
570 222 858
190 22 4462
862 311 3623
290 754 4592
221 992 4511
19 467 4790
436 482 3693
360 109 1652
332 259 4456
282 307 1912
970 464 4676
219 470 2016
463 743 3170
210 307 1528
789 58 300
167 398 2904
658 580 1676
239 929 4452
745 783 1036
606 89 1505
185 826 101
485 720 2310
778 190 1520
589 264 4419
197 874 4060
155 679 2910
814 523 4476
965 326 2798
153 801 4150
521 644 4107
834 98 1068
714 745 4554
972 969 4900
1000 402 2924
277 246 4054
572 781 2512
582 290 1372
286 389 2656
487 350 1488
96 326 4988
648 517 32
271 576 699
174 403 3206
184 536 4144
826 596 552
985 975 984
325 536 2919
863 196 4591
714 741 2183
317 327 4154
730 678 4266
214 765 3520
713 957 1688
284 144 4636
681 255 4896
451 928 1139
669 270 2782
597 741 3555
945 985 1016
729 250 3046
301 274 3778
236 115 1960
11 235 2086
753 921 3968
259 990 4725
669 473 1708
810 100 992
702 639 103
265 911 3900
26 964 2088
552 76 4871
349 552 144
542 318 691
143 965 212
66 827 1680
818 323 4540
587 8 4005
325 113 79
541 866 3052
770 151 3488
821 604 2212
922 758 1388
937 117 4244
440 936 1197
297 480 2070
593 700 109
918 737 2697
240 284 4941
889 933 2846
692 1 2339
118 963 1975
252 928 2010
760 635 787
335 726 3696
815 274 2001
558 352 1828
638 551 1076
552 465 4025
429 400 5038
680 576 656
564 105 1278
831 42 822
316 504 2455
209 225 2286
776 341 3313
806 544 1288
297 342 252
918 850 2484
955 620 3420
662 943 2576
800 541 1438
767 936 5040
277 89 4672
985 632 5150
326 292 924
142 86 142
58 517 288
813 429 2263
322 313 3390
250 182 4791
623 265 4464
250 339 840
631 559 2713
997 957 3857
474 516 5129
297 883 2268
196 874 1630
408 398 1834
15 993 4048
684 235 598
146 367 895
324 368 3322
236 677 814
560 691 2149
917 566 4746
316 233 3767
579 349 1843
936 791 3542
510 372 3003
92 423 746
453 776 2966
819 367 1410
285 678 767
263 420 1722
122 234 4452
377 741 2203
113 366 3026
142 412 1018
189 749 3488
468 83 2594
113 160 248
933 992 4013
226 381 3539
122 606 1633
325 917 3248
330 383 1218
132 726 1136
161 977 3636
489 414 3194
758 926 2765
659 943 4004
549 783 2576
53 568 1835
951 459 490
186 837 732
814 446 4736
860 329 154
255 556 4360
851 896 2144
32 471 3735
39 672 1252
132 778 4972
615 166 3342
613 343 3278
672 516 2236
72 752 1483
1 944 3412
767 655 490
327 642 1058
772 280 635
447 851 1652
194 607 2335
124 682 3384
786 396 4560
340 500 3312
155 994 4782
988 121 1584
753 775 5152
978 669 1796
629 850 3200
884 242 4534
638 477 2702
329 630 4044
977 114 1035
587 317 824
444 226 763
247 505 3216
707 692 5091
286 987 1574
816 72 1584
54 103 4410
217 5 3972
322 75 3864
653 389 2520
247 490 1218
534 110 168
449 160 3442
584 57 1592
512 450 2366
456 723 1042
150 734 347
475 143 1206
633 832 3059
295 575 1696
87 789 1278
199 126 403
577 739 4785
462 30 2068
116 469 3112
612 823 460
655 991 2070
566 457 3443
599 57 792
536 42 5053
781 654 1128
37 717 4144
186 680 2903
503 412 4230
755 866 266
676 508 1589
917 708 1453
750 934 5066
941 472 1270
190 392 2584
72 581 2121
993 980 3244
199 546 2554
406 454 4328
162 927 3136
213 752 2166
224 979 1096
371 616 3269
549 78 2972
59 455 612
354 769 56
575 987 3220
266 270 4543
374 852 2508
831 118 4050
86 916 1207
994 367 1333
823 876 5135
645 500 4340
839 78 973
348 366 882
570 571 224
689 741 2272
9 306 1876
25 645 4256
873 129 5110
629 19 418
97 455 78
173 863 2185
434 543 2028
285 806 1960
112 71 3834
68 116 3594
245 67 2246
86 253 3409
60 974 3764
189 851 2608
395 474 1760
280 760 3568
831 681 4408
149 276 1722
695 5 904
258 20 139
346 650 88
853 881 4128
356 315 3456
75 959 1207
992 671 2923
947 352 3398
709 859 5056
879 798 543
800 543 3141
425 976 798
292 182 447
493 558 1978
581 841 3600
546 569 3421
781 3 196
801 214 3502
110 703 1585
679 509 3740
43 845 2723
404 373 2166
215 409 2962
330 93 1344
96 592 3976
158 714 3052
417 458 960
319 879 4516
725 815 20
540 330 870
739 388 2168
481 885 1218
829 9 172
723 383 3360
194 819 1725
699 713 4512
880 480 644
811 779 1456
520 44 492
281 210 818
219 815 1990
199 114 1299
933 728 4496
793 487 3136
967 721 4364
501 622 3029
18 709 2456
919 10 4462
825 916 3984
30 221 364
302 84 3436
571 61 3066
782 567 791
189 406 4936
115 735 4585
745 974 1516
890 312 3395
533 124 3927
208 537 2561
950 108 2758
27 395 3264
153 729 3180
464 635 855
961 885 4633
197 486 1932
963 65 2506
955 609 4839
69 29 3488
776 711 2672
901 608 1719
521 740 2888
943 344 68
427 158 2541
33 792 3272
698 728 4592
177 845 2879
126 895 2684
503 764 3368
504 787 3776
483 280 4424
438 705 1312
498 971 1344
51 581 3504
779 340 3182
587 407 3031
172 278 3052
418 552 2740
832 696 4600
754 124 2488
447 958 176
891 740 4570
432 853 3680
612 565 3272
196 282 2766
835 641 2793
338 679 2904
155 88 3936
398 848 4733
940 884 5096
737 240 1853
157 208 1358
490 651 3075
292 835 1246
514 339 1708
427 474 528
322 77 854
313 130 3576
722 733 2112
941 590 1367
241 553 201
388 806 4792
145 998 3888
473 901 4583
330 919 1224
50 750 1320
483 798 512
388 238 1432
791 317 1601
475 439 4316
437 62 1392
963 997 1610
916 820 1614
571 984 850
782 95 101
333 39 3872
708 723 1289
514 145 2848
207 403 4956
400 624 1740
797 753 4912
737 78 3850
173 957 3022
348 251 552
974 47 823
192 98 5095
501 359 413
984 736 4722
841 909 4586
987 979 496
289 548 2695
799 59 3300
106 989 4830
440 112 3437
471 322 2757
410 469 816
730 793 2750
773 688 2894
237 601 1812
12 449 3500
439 833 688
945 169 4820
491 71 1064
892 517 782
310 40 105
728 921 4533
522 253 2316
702 572 764
758 772 3764
941 249 864
320 753 3073
270 895 1924
287 527 1456
448 921 2274
174 743 1288
667 212 4258
336 799 2701
400 9 3864
762 450 1200
345 825 1344
704 389 160
310 37 1602
132 386 3694
598 140 1206
939 762 969
771 976 5064
778 401 3992
578 939 3048
328 812 350
201 964 4900
350 542 2372
682 414 2572
528 149 795
477 781 1032
183 160 236
99 192 2384
5 534 194
499 247 2476
789 729 1498
495 440 2459
942 167 1798
948 916 3017
76 759 3899
952 345 127
879 726 4590
973 759 1208
840 138 3790
578 791 3456
958 737 5068
653 319 3270
79 691 1576
36 916 2096
994 559 4752
671 282 2038
420 76 4641
868 557 438
294 867 4335
187 884 1896
927 341 2452
257 693 96
252 582 3129
865 358 4383
786 986 4760
543 212 3182
431 326 1330
210 222 1288
563 237 616
930 390 4145
972 347 3762
57 949 1089
935 815 4398
379 739 2551
65 862 436
84 18 3378
255 924 3502
314 947 4238
646 235 628
185 951 3104
766 452 1086
191 676 653
539 738 4819
108 355 1868
279 850 3886
797 679 2245
914 355 2254
658 101 3908
553 931 3355
608 584 1246
674 943 2070
298 153 1099
4 753 3114
432 401 4074
109 799 1610
900 778 1312
709 523 4483
107 961 2576
904 995 4922
500 64 64
817 5 1514
758 959 1065
758 153 2905
283 587 1097
111 424 4316
385 535 1288
882 917 2730
333 30 4050
35 249 2111
208 755 3374
260 56 2320
995 850 3634
274 607 1791
494 381 2240
651 199 2416
229 702 2520
951 942 742
49 479 4278
887 863 1356
713 799 2884
406 370 5011
751 652 34
851 92 1891
794 226 2889
168 163 5008
994 142 216
357 438 2232
237 809 3198
531 762 4048
766 230 1325
674 776 3330
354 804 2828
319 879 4904
373 676 3038
114 367 560
176 915 1729
29 299 2802
881 731 1232
859 223 2613
379 295 342
526 236 1124
264 616 191
983 486 1040
753 485 4898
785 265 2306
996 749 490
324 951 4676
599 564 4426
152 470 1832
86 710 1466
196 582 2014
67 505 4844
123 364 3457
466 797 1050
101 803 4312
719 952 1055
422 906 1712
617 787 3735
369 569 5135
426 198 4013
915 216 3257
366 700 1617
855 369 2817
321 48 368
307 86 3420
226 944 99
513 204 392
403 730 5110
946 862 3240
914 574 2315
296 2 1272
51 143 2406
581 374 1758
318 75 21
280 491 161
221 316 600
530 108 3008
682 964 3234
966 614 4900
109 13 982
388 65 196
141 605 2466
448 365 4272
681 217 1834
325 22 1417
986 276 3066
242 286 2374
651 106 4886
523 244 2944
201 988 4549
353 949 1974
166 861 679
884 660 4202
288 541 2957
179 906 3692
364 628 4634
872 968 1024
956 45 23
347 98 4743
960 348 2964
8 912 4784
453 650 128
556 62 2016
690 36 2317
4 415 5152
461 767 1080
866 372 4642
720 734 1104
998 144 4843
794 204 4922
618 602 2278
638 486 4968
901 564 3318
684 985 2140
709 252 4816
338 806 4150
302 239 3316
796 928 3986
882 478 1688
964 299 987
216 527 5136
864 158 1978
762 586 4607
744 570 4196
161 282 4123
210 351 112
829 151 3549
803 832 2366
711 294 4257
453 129 1243
715 208 3804
778 458 2308
93 57 1351
408 325 1748
477 65 976
249 744 27
39 626 2016
755 741 4594
950 80 4352
538 842 124
251 974 1093
651 739 1632
804 334 3160
79 115 1524
741 311 1840
404 373 4716
453 951 2840
146 511 4123
837 966 345
705 361 3045
48 786 4437
901 689 3935
352 911 5023
636 162 1286
113 602 3990
114 113 831
432 770 3536
483 818 2133
604 322 1522
363 959 4336
870 696 1459
858 288 7
243 735 3739
200 944 864
66 157 1714
975 177 483
851 795 2488
107 641 210
337 107 868
748 137 1890
224 453 1236
749 712 3951
869 587 3332
764 206 2337
1 916 1576
557 464 4996
572 626 2392
764 311 1420
117 11 4266
723 231 1530
818 807 291
365 621 3364
889 84 690
549 617 4020
243 837 1983
500 456 508
819 169 3800
400 926 2029
85 685 1812
306 56 4752
493 995 1426
612 389 2048
578 660 4186
468 619 4168
141 236 369
162 373 1944
58 618 1164
27 217 4832
565 608 642
349 781 1495
793 657 2841
276 53 3668
641 81 3965
806 775 2288
394 803 340
21 195 498
155 207 448
988 853 83
862 789 196
194 942 3920
375 571 138
346 98 3640
901 331 4530
878 806 1176
365 680 1858
885 322 3442
463 880 805
174 497 1118
420 541 1876
639 834 3356
517 725 4796
883 83 1430
763 968 672
642 441 2187
321 985 5096
834 664 2514
557 834 1256
668 585 258
662 312 3884
395 364 2429
684 453 1521
246 259 3584
596 251 3536
268 166 1069
1000 59 5080
997 519 3250
183 492 3418
856 56 1013
510 305 2064
564 4 2464
608 796 1240
962 980 2554
391 483 956
2 245 4384
738 957 3672
366 261 3564
566 355 4624
360 365 2496
161 289 1104
621 953 120
437 829 4663
75 505 4501
814 149 3684
410 895 2832
602 97 3910
462 158 5118
447 182 756
136 946 2960
775 889 696
394 397 2263
546 775 3993
22 854 3648
951 801 3855
959 573 2616
756 896 664
842 611 3681
500 237 2996
987 835 3568
610 253 2992
107 184 2186
986 900 2247
825 268 4264
516 882 862
493 698 4206
288 795 3627
631 105 2920
358 707 4276
243 539 3492
791 756 3240
376 231 5096
113 79 4662
130 577 4138
373 602 1012
707 909 4277
968 879 4660
418 168 209
276 968 1576
551 80 448
159 850 168
427 633 2544
587 160 3320
70 458 4826
337 3 2488
523 44 4531
364 847 1412
927 403 1579
605 613 480
598 196 3825
356 45 518
855 246 2305
601 771 2492
167 674 4900
874 782 2744
537 437 4640
50 377 3392
573 416 3681
461 664 4516
262 581 1456
704 571 4288
597 968 3876
102 556 3808
993 569 4538
946 13 3941
429 876 35
892 917 1344
498 830 516
401 63 4700
383 182 2334
90 799 4055
368 964 234
977 521 4582
397 43 4130
960 618 1928
800 518 1509
933 143 4748
326 725 2496
524 983 4604
947 682 4784
204 450 1932
846 742 4146
712 95 3568
965 982 851
477 968 1797
46 73 3384
57 776 2708
458 431 1134
234 21 4096
115 267 3298
362 855 4829
189 108 3630
429 146 4538
219 394 940
170 269 2205
700 970 4690
344 667 1138
934 253 4088
460 682 2576
143 554 1372
700 139 4944
534 500 32
769 237 3414
208 737 3040
756 123 2625
728 354 4036
37 315 2184
222 507 3472
647 503 954
355 447 2833
36 331 4068
420 703 3968
178 160 3230
514 911 1449
578 637 224
145 539 1280
394 621 78
420 970 227
301 822 2861
877 850 4368
10 821 920
84 113 5012
103 567 5080
107 538 2696
512 421 1716
391 830 4081
4 443 3404
293 72 3622
246 308 3678
774 663 3493
583 809 1930
699 221 3725
994 147 2976
329 885 596
328 605 4448
29 210 636
518 160 2280
175 303 3534
464 350 1920
923 344 371
843 871 1148
109 493 2330
98 74 5128
284 39 1977
551 65 4865
721 673 1645
375 990 2223
686 429 1720
652 927 1701
773 912 1681
338 314 3633
705 811 1722
228 281 1808
306 525 4566
515 892 2325
673 253 3260
181 488 86
752 694 2674
8 233 2682
44 251 2688
533 11 3234
888 117 292
9 206 599
460 744 4289
584 152 800
847 828 1582
61 252 2585
503 948 3768
311 360 960
829 453 1848
12 969 3496
65 234 3409
739 116 2570
944 524 1150
776 771 3433
719 601 2660
313 600 1042
405 891 845
860 206 4662
793 706 4764
174 969 1442
493 967 2449
738 348 2968
950 272 1887
224 424 2196
315 443 3921
649 289 3202
347 85 892
406 148 3251
116 174 2576
522 124 3328
749 857 2224
281 902 3004
345 3 344
644 281 3619
718 115 4828
616 562 3604
88 599 3726
76 307 1075
164 579 3236
481 754 4212
757 222 1245
856 314 1536
781 314 599
876 778 4597
730 772 3248
431 67 3101
999 133 5048
887 492 524
66 184 850
498 198 3263
512 900 4980
30 510 296
634 337 294
757 901 1764
35 110 1784
954 247 987
431 372 2599
570 144 4258
44 590 3893
100 936 3485
274 106 3248
7 517 2366
980 727 550
975 940 2874
312 603 3864
747 601 2744
191 196 2177
133 758 246
864 883 4640
400 633 1608
712 935 3981
875 974 2200
577 838 851
439 92 1206
289 40 974
150 356 3731
239 27 4801
12 505 1104
441 687 3536
13 914 112
104 279 3004
372 89 4801
481 854 3429
210 24 3726
403 885 1543
391 813 4464
852 607 156
873 357 2408
636 724 1248
813 101 3094
956 864 2260
240 924 4096
810 409 4866
222 254 3946
861 533 1181
890 748 4872
824 641 2714
742 317 72
533 562 4846
487 537 4473
298 828 432
82 883 494
768 237 2858
985 151 2164
792 833 3152
150 436 4340
999 506 2044
395 227 3611
55 337 2989
572 863 1060
100 871 2538
374 945 2896
131 752 493
188 342 1663
200 127 2899
355 864 4176
201 557 20
772 741 4464
964 521 298
819 614 4470
366 614 1533
956 901 1384
380 176 2553
40 447 2788
356 454 272
547 185 4223
59 367 4764
982 764 2576
378 411 3393
664 406 1799
582 651 4168
98 982 4704
788 288 2481
825 288 4540
656 753 4204
517 942 4304
706 298 4486
704 778 3450
781 252 5152
586 181 1393
821 974 5124
263 909 3733
663 997 4004
940 951 840
601 11 648
790 488 2629
92 908 1386
441 842 2566
817 764 2624
673 143 656
141 316 1365
267 649 315
661 799 4858
639 174 2898
82 530 1742
372 463 437
579 397 3801
893 380 2218
696 514 724
164 898 4809
49 63 4900
237 2 3476
884 534 3402
350 35 3094
785 828 2772
208 180 4024
694 883 3730
133 758 2530
173 15 5013
370 348 796
234 333 2232
720 366 994
194 400 2326
580 951 553
834 584 2859
694 225 1400
592 77 3142
777 417 1652
102 432 1380
150 462 2944
215 216 161
167 814 1308
751 964 2325
541 175 5077
253 648 848
66 17 2544
449 991 968
805 672 3904
240 99 3936
266 646 809
962 435 2034
610 480 4027
128 85 1148
102 640 1597
983 58 1731
82 504 1586
955 385 930
32 843 2204
630 405 4642
885 487 2968
572 702 1456
695 627 4654
37 433 4536
937 685 3192
70 524 4124
720 408 1278
813 651 4990
138 752 224
806 328 1112
955 313 4736
746 703 2392
388 907 2744
783 746 2527
506 66 2992
717 853 1638
605 786 2596
114 653 757
967 149 278
853 878 2821
137 381 92
479 670 96
736 38 4350
892 676 2085
462 635 2205
288 583 154
732 116 2745
995 774 3380
155 583 3122
253 886 3402
924 277 3040
953 865 302
852 335 3816
918 399 4844
515 125 3480
899 119 4634
703 104 2368
342 364 214
641 502 1846
720 509 212
845 114 3715
513 518 4968
643 355 3397
474 238 733
838 37 1120
8 699 805
997 415 4854
339 502 2664
265 689 2856
70 918 3971
813 213 3541
743 597 509
634 219 5082
270 468 2138
235 799 5119
301 858 1304
547 959 3990
229 41 4270
255 833 4580
431 319 3451
890 56 1600
877 554 1840
353 108 3098
966 75 1704
34 227 3976
268 118 3857
303 169 4614
840 860 656
269 268 612
822 21 1086
481 2 2000
429 809 3728
36 853 448
323 91 1460
260 110 2148
970 569 1466
837 424 4683
797 348 3612
702 423 4778
585 744 3151
950 27 358
470 515 2888
625 318 178
887 364 1135
140 572 4200
920 627 224
50 294 4510
391 701 3725
81 943 1810
458 571 3470
889 816 1800
533 866 2317
438 942 2245
569 179 5087
473 439 1048
493 272 214
215 876 4730
447 463 392
632 140 1376
6 374 1270
316 153 2652
332 841 4496
633 519 2852
791 932 2068
160 881 135
697 142 2383
635 167 3790
541 36 4022
542 946 940
140 7 696
526 407 3114
691 303 143
536 710 834
204 161 4830
328 464 4494
501 271 2997
218 230 4694
237 654 3577
413 734 4368
37 758 1335
820 821 343
982 777 1120
594 697 2516
321 316 2950
546 111 2839
117 84 1940
818 980 5054
90 645 1196
818 643 4256
773 152 585
202 347 2946
15 656 3958
119 367 2984
451 595 1643
927 106 3652
103 256 544
252 216 1650
721 889 1288
589 910 1160
918 916 1302
283 214 124
161 746 2728
852 479 3094
87 738 4663
307 656 2064
545 812 5106
74 805 4560
73 609 4184
175 8 4074
754 797 1934
276 587 3278
326 495 3591
151 475 469
288 668 78
473 274 598
883 89 3762
97 48 5040
845 877 3386
817 76 4220
924 595 3408
423 141 524
809 12 970
638 484 3448
573 138 3835
538 385 3949
614 37 128
466 396 3604
344 54 3791
195 646 4504
658 607 752
444 226 802
716 455 1152
192 619 3659
9 197 1906
594 165 4778
219 386 4279
384 239 4046
198 818 4382
396 213 988
21 108 1811
80 709 3420
906 611 1232
776 485 3402
223 551 2048
790 942 1986
112 693 28
907 699 2176
808 693 784
754 514 3956
125 597 4277
434 655 3808
207 67 933
9 268 4914
961 26 1412
725 955 4228
1000 994 1474
508 806 414
755 279 4382
935 190 4794
257 464 406
732 886 3178
912 73 4522
380 119 1932
113 352 4214
511 252 1324
532 548 576
738 655 3644
119 508 440
394 58 3380
131 220 2576
691 227 1932
931 81 3914
685 87 2885
987 869 3576
524 53 806
914 40 3940
450 153 4443
726 671 1820
898 687 2302
120 703 3920
143 37 2958
906 764 4560
169 282 2139
675 329 1128
834 767 3992
790 503 4048
543 256 1219
959 845 718
234 845 1932
961 793 1172
428 700 2106
381 366 4700
485 639 176
495 162 1946
418 536 2781
734 875 3136
720 769 957
562 31 194
731 785 1232
151 378 3904
369 160 1288
322 578 968
115 660 2693
535 5 3855
126 926 1280
958 507 15
293 181 2504
559 186 208
346 48 3812
627 751 3264
411 933 4958
939 760 4977
39 545 2618
53 842 2044
23 896 1252
82 631 2200
680 359 552
463 912 322
198 696 4669
456 78 4462
976 365 2428
207 587 2778
835 277 248
909 378 506
90 851 4536
115 705 3955
401 304 602
735 61 1519
426 253 1476
192 875 4292
152 731 402
109 348 1326
551 306 3024
11 236 880
892 839 4042
252 31 4844
636 486 979
361 582 3306
313 507 1994
207 634 2906
292 430 1664
666 166 4012
5 394 1610
777 933 4226
419 654 3343
236 804 3563
311 278 3160
912 2 1761
432 463 3031
630 281 4918
28 252 5129
537 236 1327
891 166 3318
322 441 2229
71 705 1760
707 189 623
653 106 3626
739 8 1002
613 219 4158
456 848 465
367 901 2898
694 207 3794
912 883 1874
72 995 555
453 109 1440
470 983 1896
202 237 490
85 693 3516
594 240 3830
447 169 3072
52 509 4052
856 850 2002
312 562 974
545 813 460
402 450 1776
143 172 840
412 138 1977
659 138 2141
999 311 3700
161 742 332
304 369 2046
535 824 4270
627 412 3394
936 774 4560
264 943 1952
433 187 1464
498 527 3612
269 507 3702
229 797 672
973 430 1072
842 535 393
661 287 2499
583 95 112
635 541 2901
68 440 3922
948 687 1840
836 392 3757
822 698 2624
585 189 2618
476 331 2444
778 725 3396
266 229 1781
669 396 2145
435 641 158
385 143 3959
842 899 773
440 75 184
758 902 3936
979 108 1364
337 201 654
597 662 3056
303 178 3008
322 793 2884
44 174 4300
601 321 143
223 433 4576
541 550 742
751 86 816
100 268 39
447 94 2747
239 394 484
920 580 1904
254 873 2237
306 481 1256
31 185 3718
623 18 4465
286 920 4246
366 625 3828
19 139 4760
720 714 1828
940 695 4562
529 188 1072
725 227 1883
245 530 4384
802 255 3129
880 472 4284
611 425 448
491 358 1167
405 813 3892
1 180 5074
407 542 1799
424 852 2594
459 506 2761
978 282 3290
707 839 1327
549 283 4570
96 364 2065
896 88 552
982 955 5118
159 198 1074
56 140 3207
423 957 4914
148 250 3154
885 368 2681
84 598 4494
687 958 1665
913 946 736
496 469 2944
609 55 5112
364 916 1323
519 252 4636
620 568 3258
166 168 3710
478 323 3429
621 7 2619
476 561 873
969 313 2710
581 41 424
293 409 5138
329 243 4928
411 361 2938
36 280 3745
639 153 1642
714 851 1667
516 727 1218
120 215 2214
977 55 14
298 706 4108
67 208 232
840 937 1344
442 942 2647
146 204 1104
283 913 1088
129 663 3714
718 200 3668
907 919 2786
479 383 2114
672 246 3189
541 803 4736
7 168 3959
82 166 298
829 863 543
416 785 1716
704 699 4039
82 135 3333
734 62 3946
217 198 2394
718 719 2176
885 266 2382
482 736 1980
874 586 2402
286 926 560
414 25 2996
439 753 4551
951 793 940
512 806 1316
72 242 2512
330 838 848
425 729 4889
656 953 2874
330 315 5106
68 49 40
194 716 4052
522 920 1584
514 329 1
519 306 688
35 240 581
193 495 843
162 739 358
788 775 364
492 348 3886
621 553 1735
234 815 2600
121 790 72
30 410 4032
257 17 377
757 96 1697
224 956 3968
304 977 5074
530 748 1193
915 801 4092
943 921 1776
683 96 1816
114 1 225
450 65 4624
21 704 4238
681 880 1100
980 424 455
225 552 2635
473 828 419
276 45 2366
398 217 3624
634 438 2510
494 968 1344
201 991 4004
415 773 1669
325 712 1468
540 361 3107
758 813 3508
382 877 3824
667 231 831
552 59 1561
403 781 2572
554 715 3397
780 29 1376
742 41 3476
206 753 3332
630 366 2420
597 331 1930
391 500 1324
633 893 304
960 832 1068
213 801 4524
195 254 240
359 465 4710
183 2 1086
334 801 74
653 889 2458
134 891 1388
75 246 5107
399 952 2802
206 405 3896
223 394 4538
396 250 574
51 174 144
415 86 3758
330 521 1679
119 182 2484
134 995 4421
753 165 2800
559 222 1722
472 626 898
152 901 4053
988 978 2424
851 463 846
646 474 4416
469 657 4374
822 140 478
715 989 4235
967 431 4361
332 346 224
324 154 2778
617 770 1815
244 690 4444
347 629 4352
122 894 4259
235 944 1488
375 439 564
138 63 3800
217 779 1378
549 839 410
529 254 3514
236 554 4914
801 654 956
951 923 3906
715 320 3178
384 823 3539
602 361 3228
553 647 3728
901 562 583
469 414 2714
421 98 2968
22 305 3754
626 789 2572
612 313 2866
27 808 2844
455 717 3160
631 30 3416
444 749 3754
848 733 286
38 288 4448
77 957 4186
622 46 79
854 676 2185
745 948 2400
978 919 3694
669 551 2704
284 229 1185
517 106 1318
63 422 359
468 594 4126
270 972 5081
272 704 3360
624 573 29
124 665 4802
894 957 2704
63 479 2436
253 50 3203
996 258 1841
231 82 1478
787 378 1782
951 483 2656
500 922 3706
879 625 4500
456 573 1848
975 639 1565
898 531 2982
613 225 2240
955 794 4137
277 923 1255
845 524 3376
501 386 4570
311 142 1010
782 803 4704
334 200 4771
777 201 4172
996 919 1680
843 679 3696
555 279 664
665 135 3485
278 33 3524
836 225 2456
778 309 4223
510 225 1136
145 632 464
311 239 2200
518 145 4246
633 288 2296
321 832 551
57 471 1285
132 852 3222
430 31 3787
664 337 3309
928 295 2188
441 468 2066
756 198 517
30 716 286
187 969 3013
174 370 4804
401 166 587
855 446 2303
741 939 2614
407 267 4448
817 649 4351
365 236 4576
205 265 293
987 241 147
759 514 4938
960 903 1652
194 684 1752
303 197 3776
198 119 4852
355 957 3596
575 748 56
989 980 4684
846 462 3373
717 170 280
854 801 698
350 688 1081
807 596 1099
905 637 2016
737 424 4234
756 698 4401
512 246 5084
416 679 4500
480 712 3581
400 760 2508
708 549 3820
538 854 1560
631 841 1110
892 885 120
132 808 3784
487 480 3920
192 654 4480
415 587 4048
488 282 2954
489 536 3760
729 713 2247
598 554 1892
362 364 3214
845 154 3754
808 377 5114
316 190 3780
472 788 1878
676 541 5062
254 293 2996
847 757 4183
122 918 549
424 989 2912
718 42 3856
232 211 3030
351 725 184
618 452 2352
745 517 3136
275 67 3437
337 621 1180
962 128 2858
523 858 1641
69 258 3696
335 183 192
987 938 4
808 309 2068
377 533 3024
506 604 1932
732 526 3970
736 569 391
827 527 3170
62 82 339
372 348 2924
10 513 4221
399 799 1813
403 985 1776
511 580 2577
150 106 4164
986 686 3648
120 663 2632
364 287 1422
153 288 4312
440 622 3531
608 888 1269
468 75 2278
533 827 1236
865 144 4560
159 778 3754
65 855 2122
495 418 4990
41 932 627
820 462 3680
889 543 3101
723 911 4904
407 270 2276
400 108 516
315 395 5080
814 511 2758
443 229 3488
43 328 555
872 514 5068
777 706 4480
329 165 695
625 545 1292
292 936 4326
447 201 730
782 169 289
498 760 3340
627 170 1124
877 556 4814
74 44 2541
941 835 1152
771 95 1800
648 5 5144
175 965 2911
77 70 1608
240 416 4977
324 754 3122
798 963 3990
798 442 1676
889 16 2643
22 599 1283
916 630 3134
700 321 842
89 863 2666
969 790 2436
105 966 1758
408 182 4712
199 963 2194
562 857 2940
487 696 4396
17 225 4162
440 947 4959
89 739 3792
705 386 4897
921 273 848
236 300 1854
157 167 996
863 156 2520
381 722 3532
21 265 3161
357 112 3350
850 107 760
732 994 2427
647 992 2972
159 804 2710
960 690 1414
412 648 926
266 803 3399
267 554 3297
661 917 538
264 188 2173
181 538 2180
694 573 3874
263 25 3248
26 567 3864
722 7 2943
561 304 397
574 700 3414
888 388 3297
278 872 490
445 181 2759
206 679 1328
599 847 2356
206 143 201
448 770 1524
470 367 2632
107 17 4712
889 894 3305
75 42 2132
74 485 3570
684 446 2148
590 9 2606
779 56 2932
775 328 96
345 92 434
986 36 125
430 373 2784
858 264 4910
711 876 3184
885 146 4315
554 159 4562
487 578 1024
670 889 5024
277 748 4060
121 468 4976
84 742 4054
618 11 464
509 547 2784
706 139 3792
69 365 4556
606 204 784
952 874 1848
694 508 3450
602 632 1464
995 430 1888
978 948 3556
439 71 2110
788 663 67
867 53 1357
927 279 2345
787 354 1456
338 382 2050
164 390 3966
691 164 3806
588 113 856
128 592 3172
646 106 4555
385 116 2295
823 651 3059
385 229 283
972 388 4620
905 927 3589
392 137 3376
81 697 3780
155 388 4241
856 904 1190
907 685 1356
266 40 4198
780 237 1409
164 751 360
240 104 2005
153 297 4092
37 110 2902
14 619 4557
656 118 3447
158 406 3707
644 471 4736
574 211 430
667 146 3524
795 944 2360
406 682 4620
653 4 2590
475 610 4769
17 802 5132
625 605 467
168 890 3623
388 909 2152
205 487 3644
169 96 2896
452 782 2355
392 422 3969
224 189 4460
146 948 954
190 119 183
28 508 3467
348 132 2737
580 582 3520
364 825 4608
247 577 1056
766 292 3962
592 75 4877
194 433 4844
293 477 280
961 5 1835
939 851 5019
29 589 2320
166 282 2948
926 126 1538
554 833 2936
266 368 784
845 483 1494
840 416 3140
268 328 1547
918 847 2540
481 26 3640
504 623 350
457 933 2205
653 834 2150
669 245 744
661 59 1257
387 77 1946
276 504 2484
882 519 700
143 149 312
434 956 1821
142 719 3795
964 945 4720
4 18 2653
95 189 4163
693 199 2839
70 351 106
500 463 1118
771 249 501
968 958 720
255 804 1799
822 872 3935
62 460 3275
11 826 4851
530 53 4482
868 516 1451
765 42 2368
353 36 3056
840 983 3316
207 927 3948
739 277 4638
456 116 446
521 534 3248
403 389 4448
432 340 494
376 975 2520
310 965 2570
244 868 4117
145 220 3549
688 325 2235
859 12 1524
401 386 183
726 741 4844
23 731 4086
249 630 632
965 972 3683
925 1 936
563 939 1253
906 982 204
168 330 1772
785 202 3296
933 944 1300
574 945 1705
269 940 1628
941 374 1128
666 696 3448
679 974 2979
304 747 5017
301 600 4715
896 720 4166
17 396 4622
336 360 3808
86 300 896
996 208 3396
182 993 1406
92 916 3632
868 234 2876
954 750 1382
147 3 1035
715 145 3802
797 952 3348
160 935 3755
280 48 2622
316 814 1840
48 748 3352
498 294 1985
649 990 1829
488 946 3203
250 777 1053
64 605 4354
5 640 4278
806 485 31
585 213 2547
859 943 4380
285 562 2165
860 744 2613
522 842 4676
447 980 1036
972 649 1602
486 686 1351
251 603 4922
898 236 4997
150 844 3738
589 72 207
266 995 4034
327 981 3794
982 996 4726
682 119 4264
74 751 4432
339 367 820
212 521 4804
593 325 1104
673 665 128
998 796 3524
792 82 4724
553 398 2304
150 509 2760
876 812 56
685 535 4086
212 209 1594
875 767 3974
915 890 2730
324 360 1886
759 646 2165
155 162 1744
974 433 3744
968 66 1954
275 484 3948
604 656 2792
898 582 826
943 113 1016
759 309 2369
471 65 3578
499 771 3846
189 804 5136
641 771 499
427 695 4440
630 695 4332
808 352 1064
14 942 2271
359 838 2902
961 149 3722
954 30 5120
801 935 3944
983 308 1495
356 159 4936
864 869 3496
163 975 174
813 55 947
556 763 3652
793 598 1187
885 1 4160
662 139 2842
650 371 1100
592 323 4952
298 516 4288
923 11 113
774 573 546
171 799 3680
153 98 1795
237 758 2072
482 71 1924
746 203 350
719 460 3330
823 156 1909
729 815 1520
967 87 2880
185 233 2513
344 824 446
247 121 456
324 786 4421
246 956 1577
112 863 1082
678 887 4481
974 401 667
635 756 3066
932 949 620
71 465 4522
252 269 2846
225 884 4624
99 642 4180
881 975 5033
376 245 3069
353 653 916
955 555 2196
21 696 3565
317 620 210
505 451 4924
94 465 866
440 214 4768
811 902 1648
907 226 4524
782 972 208
20 718 3260
690 959 3109
763 166 2944
631 590 4440
804 719 3224
621 772 4956
350 286 4628
611 336 4945
406 123 3696
435 552 2248
719 148 3818
738 591 2882
311 718 2520
842 994 2488
281 261 4292
597 668 4825
144 196 1761
101 95 4004
243 536 3052
127 352 1710
70 739 2888
86 592 3423
853 486 3862
154 838 3082
35 609 3192
704 358 3376
894 534 4956
887 863 2164
954 591 3520
184 383 403
869 74 4560
913 997 5016
606 607 4540
966 448 3308
982 597 3162
460 103 2530
694 457 3090
840 918 5068
993 460 1464
809 814 3520
422 698 1092
146 42 3968
639 539 946
642 937 848
394 376 1758
647 891 4496
351 787 4224
602 160 1248
210 7 2064
401 68 1792
607 242 2051
531 61 2898
789 913 548
804 214 996
2 30 84
542 948 1120
307 448 2516
868 1 116
595 945 3931
358 71 3972
336 972 1120
186 716 4964
99 667 2520
967 180 1620
980 206 1863
559 85 847
30 458 264
530 38 1238
10 823 1355
540 358 3591
377 938 3968
118 378 3673
937 954 448
39 329 3639
787 637 4557
676 697 2160
520 599 1372
957 29 2597
319 36 4803
766 354 3752
309 540 4928
869 555 2714
545 283 3326
980 566 4319
165 551 4515
932 669 1406
705 545 3192
252 281 471
173 431 2975
338 735 1036
19 730 2288
297 420 3672
971 470 415
491 803 4216
701 546 1091
827 250 3458
33 479 4368
567 800 982
882 416 4955
836 494 526
316 635 4738
439 272 2820
170 726 174
329 959 4966
790 99 2126
251 46 2211
814 233 4738
79 11 4283
646 279 2234
551 909 3017
635 22 876
333 774 3052
225 469 3284
515 777 3394
362 627 1907
638 196 112
475 390 2852
299 651 2232
26 523 445
650 986 2185
455 317 4832
94 666 5152
293 40 1603
236 437 4376
827 993 3340
997 894 1628
770 719 4984
705 218 2759
535 703 2092
721 840 2862
880 38 4685
475 921 3646
914 975 444
222 248 1552
968 21 1676
239 763 2988
819 374 2052
215 544 1981
934 908 2188
829 449 3800
777 899 1433
147 998 3381
371 107 3450
222 31 3248
406 195 1726
739 841 2852
101 689 2958
490 201 3025
100 386 238
736 313 2401
772 560 1495
943 157 84
352 322 1790
515 447 1940
488 254 1608
807 927 2562
665 568 4750
234 926 3974
838 579 1853
88 742 2795
416 509 1680
308 57 3620
311 505 2217
784 725 1762
645 589 3165
515 713 2438
644 591 1148
685 674 3454
535 762 3176
819 343 2672
200 119 2640
196 36 2514
625 637 3749
350 311 3500
903 37 1448
711 604 3758
366 132 3323
827 435 3321
907 677 1589
713 797 2978
786 19 1592
330 382 1274
419 912 2250
516 568 2644
701 525 1448
312 495 4564
524 623 2583
772 620 3706
639 463 1004
845 232 4776
145 81 1087
650 829 680
706 19 341
514 843 1940
819 913 3701
534 259 4070
722 548 4025
781 107 4402
540 931 306
760 835 4207
207 181 2454
376 428 880
342 443 2796
702 289 2704
189 953 1270
60 527 1792
810 540 2390
727 740 4606
921 579 2128
8 472 2502
267 632 1940
273 35 5014
988 442 2248
321 738 611
630 496 4401
588 147 3208
726 4 2256
828 357 2116
342 422 4567
810 516 3348
310 920 225
10 904 3200
752 519 1852
666 345 2002
701 714 1631
424 324 3478
733 556 1112
59 924 2600
555 798 3458
438 618 4487
310 207 1005
952 538 2088
420 355 4788
473 206 4897
115 462 3682
738 215 2992
365 2 1641
972 208 3980
416 131 1120
670 431 880
786 964 532
171 390 770
204 598 3460
165 300 3834
302 256 466
465 979 1372
463 760 2469
191 458 2791
422 470 2309
212 464 391
62 747 336
47 301 3473
557 794 3946
126 940 1771
52 561 390
19 353 1660
823 218 3513
682 674 636
422 516 692
817 786 1461
580 554 18
846 61 550
974 721 5141
74 418 4570
988 877 1086
552 793 4178
662 796 3013
934 374 4396
281 12 2323
425 572 3206
646 519 4448
289 882 2306
760 663 1024
808 771 1732
567 137 4262
864 212 3712
576 293 4584
217 2 544
874 200 2928
83 962 875
625 797 115
568 145 3936
634 910 3458
474 61 2921
354 620 2576
622 213 3232
413 427 5152
389 157 4906
954 198 784
695 408 3876
670 704 4256
765 528 2184
500 8 4952
573 887 4934
315 687 2440
196 230 1490
429 223 352
631 91 3886
795 43 1792
923 49 648
409 484 3990
372 924 4200
611 211 2017
442 814 1019
37 38 3540
129 210 1804
605 175 1376
224 925 3303
409 552 3979
477 695 3648
907 564 3576
730 261 1376
651 623 4752
185 166 2192
341 597 4190
874 621 4690
526 925 3379
620 941 597
505 395 4176
657 504 16
480 848 4017
14 849 4920
798 478 4288
452 230 2520
155 781 3096
74 480 4772
876 588 2304
92 876 4868
724 338 2754
188 750 3164
580 775 3248
357 727 2610
508 399 1366
232 1000 232
940 34 1449
910 242 1631
581 899 302
1 580 490
707 526 4830
253 33 1666
784 571 2848
923 562 3104
597 525 1643
768 910 78
162 628 530
209 985 1140
512 416 3833
801 911 3647
834 279 1356
841 134 500
660 927 2504
837 848 2527
477 655 1370
992 964 4672
380 288 614
551 205 974
484 129 1568
615 174 4412
453 118 302
318 240 1822
247 509 4928
473 140 2208
780 70 2625
275 914 523
43 269 3295
795 905 1456
375 398 4903
638 237 3070
98 378 3290
870 574 3122
645 573 2544
487 755 4312
377 173 808
430 884 2993
282 664 546
253 747 2345
126 637 4840
563 756 1440
681 37 4136
144 569 2819
742 649 3416
534 467 3560
483 235 336
983 248 1099
237 65 3209
173 512 2086
901 546 2314
115 130 2855
780 613 3138
432 414 902
2 572 5083
820 442 380
508 607 539
472 572 952
119 615 470
745 691 5100
304 529 4335
296 674 2280
598 360 3422
802 81 4824
40 39 2528
612 936 4906
551 9 4880
700 465 1318
995 717 3698
743 802 3449
162 576 56
9 292 1371
332 27 4944
315 152 1310
513 48 4186
514 393 1519
462 721 448
875 797 3218
725 363 5114
8 686 2516
66 753 868
905 719 1368
119 467 1089
212 612 524
685 350 2176
499 836 3360
551 305 2338
344 150 398
903 239 455
310 743 1560
210 621 3634
585 262 4942
964 385 3072
221 485 2576
142 55 2392
205 936 1120
175 40 638
783 257 4984
878 683 3336
297 921 3398
659 972 3472
809 822 1435
877 690 3116
978 686 3167
726 220 2746
478 611 2976
647 328 768
602 313 3686
637 988 390
811 851 3952
893 836 1309
522 722 4088
942 72 2668
683 671 4410
351 5 4619
318 537 4856
526 764 3090
967 800 2196
988 204 2213
278 163 2776
235 279 1631
302 474 3997
479 932 466
470 229 3096
993 860 512
661 414 1588
971 959 1736
123 32 4468
311 816 3097
290 639 1542
923 282 4256
863 378 5061
238 130 2739
897 694 1596
653 821 2160
854 292 707
108 172 754
811 454 4200
88 496 3312
226 574 5128
56 330 812
24 673 2513
847 291 662
583 645 2662
169 701 4669
155 18 2036
514 900 2575
826 707 490
37 978 4172
4 10 1473
301 249 512
246 122 4713
824 424 4564
794 816 331
69 474 4846
181 664 630
642 615 688
977 75 3614
676 753 3636
876 497 4520
273 438 4612
607 310 4076
784 835 682
499 702 5037
669 521 1848
949 693 2092
799 142 4732
991 942 3552
732 462 2772
125 765 2947
600 291 4489
993 764 622
638 141 2068
186 936 4372
430 168 1932
110 443 735
258 722 882
487 254 4256
897 872 1998
988 540 944
681 916 2996
204 834 4370
2 570 1855
365 148 4620
870 546 996
152 3 1766
227 745 365
638 547 3606
815 111 1985
297 449 908
371 468 2880
617 129 1984
27 422 1532
777 755 2604
853 873 2940
420 766 3624
229 406 2737
855 669 3838
137 296 756
777 378 776
801 551 4672
307 918 328
143 859 889
625 517 954
923 463 4466
484 912 180
208 671 392
49 730 4092
633 830 660
100 772 724
631 807 1344
325 662 4432
477 548 763
460 87 1979
758 719 2624
449 852 5012
35 495 529
267 531 1222
